00728754
01988763
03552239
04820819
05104308  
05162783
05412874  
05414444
05513373
05635220
07617971
07643464
09405278
09436286
11333526
12254062
12344901
12428303
12447266
12602554
12646954
12690424
12854495
12882393
12893201
13057413
13119810
14493841
15465603
15854384
15881903
15980973
16012621
16142526
16185101
16209841
16255491
16554744  
16580428
16659079
16681426
16685112
18455853
20635971
20936724  
22077002
22126904
22179275
22193467
22243380
22299686
22300966
22350846
22395392
22400753
22476036
22497763 
22514138
22558389
22568133
22609275
22677688
22678933
22695905
22701929  
22702912
22780634
22782112
22786763
22807676
22807893
22809935
22874409
22906697
22917012
22945729
22971660
23003211
23007589
23016118
23160529
23164356
23164594
23205151
23238596
23247363
23252983
23292583
23294864
23540731
23563092
23698887
23752827
23775321
23782929
23795641
23814555  
23859905
23943039
23954817
23992158
23994206
24421852
24471156
25032417
26744688 
27449087
27450204
27573803
27577907
27652399
27654729
27665205
27849788
27979183
28012175
28039250
28350962
28402096
28468435
28589178
28644453
28744170
28848267
28931455
29070200
29134751
29155777
29179834
31105090
31467678
33028296
33653059
33694306
33731920
33754198
33777713
33841932
33842741
33844868
33866200
33907342
34075802
34079336
34151076
34172451
34182900
34241794
34249493
34282056
34298022
34326998
34375596
34434722
34444616
34461826
34499858
34518882
34520178
34528474
34544609
34548611
34570042
34572421
34583089
34672266
34720507
35268926
35426122
35875078
35934463
35991891
36011446
36013394
36018200
36104922
36121295
36135663
36156293
36160389
36164391
36183952
36190932
36204231
36228016
36270822
36287909
36313441
36354147
53193857
53201580
53420092
53425929
53451257
53697365
53710682
54017540
54057676
54274765
54689336
70439932
70489361
70604947
70697494
70714509 
70729242
79992010
80158994
80253982
80409351
80458774
80476111
80600131 
84167897
84205718
84234002
84286958
84300369
84359298
84413244
84428393
84468726
84514030
84518556
84586435
84602272
84663621
84699374
84785552
84801413
84886664
86078630  
86114381
86183464
86219012
86285357
86298959
86363402
86538536
86601811
86631625
86642756
86658270
86729710
86763006
86934374
86989172
89201613 
89362574
89465446
89483578
89499706
89522122
89540389
89685440
89707845
89866596
89881999
95823987
96873468
96982162
97039023
97212331
97239985
97349890
97468348
99438026
